,Nível de Cultivo,% Qualidade Normal,% Qualidade Prata,% Qualidade Ouro,Preço médio
0,0,88%,8%,4%,1.04
1,1,77%,15%,8%,1.08
2,2,68%,20%,12%,1.11
3,3,59%,26%,15%,1.14
4,4,50%,31%,19%,1.17
5,5,42%,35%,23%,1.2
6,6,35%,39%,26%,1.23
7,7,28%,42%,30%,1.25
8,8,22%,44%,34%,1.28
9,9,16%,47%,37%,1.3
10,10,15%,44%,41%,1.32
11,11,14%,41%,45%,1.33
12,12,13%,39%,48%,1.34
13,13,12%,36%,52%,1.35
