,Nível de Cultivo,% Qualidade Normal,% Qualidade Prata,% Qualidade Ouro,% Qualidade Irídio,Preço médio
0,0,66%,19%,10%,6%,1.15
1,1,48%,27%,16%,9%,1.24
2,2,33%,33%,22%,13%,1.32
3,3,21%,37%,27%,16%,1.39
4,4,12%,37%,31%,20%,1.44
5,5,10%,31%,35%,23%,1.49
6,6,9%,26%,39%,27%,1.52
7,7,7%,21%,42%,30%,1.56
8,8,5%,16%,45%,34%,1.6
9,9,4%,12%,47%,37%,1.63
10,10,3%,8%,48%,41%,1.67
11,11,2%,5%,49%,44%,1.7
12,12,1%,2%,50%,48%,1.73
13,13,0%,0%,49%,51%,1.76
