,Nível de Cultivo,% Qualidade Normal,% Qualidade Prata,% Qualidade Ouro,Preço médio
0,0,97%,2%,1%,1.01
1,1,91%,6%,3%,1.03
2,2,85%,10%,5%,1.05
3,3,80%,13%,7%,1.07
4,4,75%,16%,9%,1.09
5,5,69%,20%,11%,1.1
6,6,64%,23%,13%,1.12
7,7,60%,25%,15%,1.14
8,8,55%,28%,17%,1.16
9,9,50%,31%,19%,1.17
10,10,46%,33%,21%,1.19
11,11,42%,35%,23%,1.2
12,12,38%,37%,25%,1.22
13,13,34%,39%,27%,1.23
