,Nível de Cultivo,% Qualidade Normal,% Qualidade Prata,% Qualidade Ouro,Preço médio
0,0,78%,14%,8%,1.07
1,1,64%,23%,13%,1.12
2,2,52%,30%,18%,1.17
3,3,40%,36%,24%,1.21
4,4,30%,41%,29%,1.25
5,5,21%,45%,34%,1.28
6,6,15%,45%,40%,1.31
7,7,14%,41%,45%,1.33
8,8,13%,37%,50%,1.34
9,9,11%,33%,56%,1.36
10,10,10%,29%,61%,1.38
11,11,9%,25%,66%,1.39
12,12,7%,21%,72%,1.41
13,13,6%,17%,77%,1.43
